CODE,,,AREA,2018,2019,2020,2021,2022,2023,2024,2025,2026,2027,2028,,2 yr Old/hrs,3 Yr Old/hrs,4 Yr Old/hrs,,2 yr old,3 yr old,4 yr old,fudge
E92000001,England,,England,3362.40,3354.40,3347.50,3335.20,3339.10,3333.40,3327.60,3321.30,3314.80,3307.50,3298.50,,9.4743,11.6656,17.43725,,72,92,95,
E12000001,England,North East,North East,144.2,143.2,142.6,141.7,141.5,141,140.4,139.9,139.4,138.8,138.2,,11.3589,12.77577,17.9251875,,84 ,98,99,
E06000047,England,North East,County Durham,27.3,27.1,27,27,27,27,27,26.9,26.9,26.9,26.9,,11.352325,12.52195,17.331475,,83,95,97,
E06000005,England,North East,Darlington,6,6,5.9,5.8,5.8,5.7,5.7,5.7,5.6,5.6,5.5,,10.21725,11.9883975,16.8625,,76,93,95,
E06000001,England,North East,Hartlepool,5.3,5.3,5.2,5.2,5.1,5.1,5.1,5,5,4.9,4.9,,13.26,12.58416,16.9373125,,100 ,96,95,
E06000002,England,North East,Middlesbrough,9.6,9.5,9.4,9.4,9.3,9.3,9.2,9.2,9.1,9.1,9,,11.0494125,12.89778,17.2854,,81 ,98,97,
E06000057,England,North East,Northumberland,14.5,14.4,14.3,14.1,14.1,14,13.9,13.8,13.6,13.5,13.4,,11.2338125,12.2515,20.59875,,85 ,100,100,
E06000003,England,North East,Redcar and Cleveland,7.3,7.2,7.2,7.1,7.1,7,6.9,6.9,6.8,6.8,6.7,,10.5632875,12.7819325,17.82625,,79 ,97,100,
E06000004,England,North East,Stockton-on-Tees,11.7,11.7,11.5,11.5,11.5,11.5,11.4,11.4,11.4,11.3,11.3,,11.193,12.964175,17.8775,,82 ,98,100,
E08000037,England,North East,Gateshead,11.2,11.1,11,11,11,11,11,10.9,10.9,10.9,10.9,,10.96545,12.39864,17.74625,,82 ,96,100,
E08000021,England,North East,Newcastle upon Tyne,17,17.1,17.2,17.2,17.3,17.2,17.2,17.2,17.1,17.1,17,,13.555,12.2278725,17.0424,,100 ,93,96,
E08000022,England,North East,North Tyneside,11.2,11,10.9,10.8,10.8,10.8,10.7,10.7,10.7,10.6,10.6,,11.307125,13.08675,17.6826375,,85 ,100,99,
E08000023,England,North East,South Tyneside,8.2,8.2,8.2,8,8,7.9,7.9,7.8,7.7,7.7,7.6,,10.7469625,12.55425,17.89875,,79 ,95,100,
E08000024,England,North East,Sunderland,14.9,14.8,14.7,14.6,14.6,14.6,14.5,14.5,14.4,14.4,14.3,,10.54515,12.427975,17.4734,,77 ,94,98,
E12000002,England,North West,North West,434.4,432.5,430.8,428.4,428.7,427.5,426.2,424.7,423.3,421.7,419.8,,11.252725,12.3687625,17.83485,,83 ,95,99,
E06000008,England,North West,Blackburn with Darwen,10.6,10.5,10.3,10.2,10.1,10,9.9,9.8,9.7,9.6,9.6,,8.7176,12.4295625,17.668175,,64 ,95,98,
E06000009,England,North West,Blackpool,8.2,8.1,8,7.9,7.9,7.8,7.7,7.6,7.6,7.5,7.5,,10.259925,11.697075,17.6309625,,78 ,93,97,
E06000049,England,North West,Cheshire East,19.9,19.8,19.7,19.5,19.5,19.5,19.5,19.5,19.4,19.4,19.3,,11.324125,12.5930475,18.208575,,85 ,99,99,
E06000050,England,North West,Cheshire West and Chester,18.3,18.2,18.2,18.1,18.1,18.1,18.1,18.1,18.1,18.1,18,,11.57445,12.41925,18.86375,,89 ,100,100,
E06000006,England,North West,Halton,7.7,7.6,7.5,7.4,7.4,7.3,7.3,7.2,7.2,7.2,7.1,,13.5575,11.8692,17.1629375,,100 ,90,95,
E06000007,England,North West,Warrington,12.2,12.1,12.1,12.1,12.1,12.1,12.1,12.1,12.1,12,12,,13.47875,12.3709,17.966025,,100 ,95,99,
E10000006,England,Cumbria,Cumbria,24.1,23.9,23.6,23.4,23.3,23.1,22.9,22.7,22.6,22.4,22.2,,13.25125,12.4930575,18.35955,,100 ,99,99,
E07000026,England,Cumbria,Allerdale,4.6,4.5,4.5,4.4,4.4,4.4,4.4,4.3,4.3,4.3,4.3,,13.25125,12.4930575,18.35955,,100 ,99,99,
E07000027,England,Cumbria,Barrow-in-Furness,3.7,3.6,3.6,3.5,3.5,3.5,3.4,3.4,3.4,3.3,3.3,,13.25125,12.4930575,18.35955,,100 ,99,99,
E07000028,England,Cumbria,Carlisle,6,5.9,5.9,5.9,5.8,5.8,5.8,5.7,5.7,5.7,5.6,,13.25125,12.4930575,18.35955,,100 ,99,99,
E07000029,England,Cumbria,Copeland,3.6,3.5,3.5,3.4,3.4,3.3,3.3,3.3,3.2,3.2,3.2,,13.25125,12.4930575,18.35955,,100 ,99,99,
E07000030,England,Cumbria,Eden,2.2,2.2,2.2,2.2,2.2,2.2,2.2,2.1,2.1,2.1,2.1,,13.25125,12.4930575,18.35955,,100 ,99,99,
E07000031,England,Cumbria,South Lakeland,4.1,4,4,4,3.9,3.9,3.9,3.9,3.8,3.8,3.8,,13.25125,12.4930575,18.35955,,100 ,99,99,
E08000001,England,Greater Manchester (Met County),Bolton,19,18.9,18.8,18.6,18.6,18.5,18.4,18.3,18.2,18.1,18.1,,9.7884,13.0291425,17.92,,72 ,99,100,
E08000002,England,Greater Manchester (Met County),Bury,12,12,12,11.9,11.9,11.9,11.9,11.8,11.8,11.7,11.7,,11.755125,12.780235,17.3727,,86 ,97,97,
E08000003,England,Greater Manchester (Met County),Manchester,39.2,39.4,39.4,39.5,39.7,39.7,39.8,39.8,39.7,39.7,39.6,,10.4922125,11.61798,17.644275,,77 ,88,99,
E08000004,England,Greater Manchester (Met County),Oldham,16.8,16.7,16.6,16.5,16.5,16.5,16.4,16.4,16.3,16.3,16.2,,11.47335,12.43667,17.85375,,84 ,94,100,
E08000005,England,Greater Manchester (Met County),Rochdale,14.8,14.7,14.6,14.4,14.4,14.3,14.2,14.1,14,14,13.9,,11.9103,12.14699,17.87625,,87 ,92,100,
E08000006,England,Greater Manchester (Met County),Salford,17.5,17.5,17.6,17.5,17.6,17.6,17.6,17.6,17.6,17.6,17.5,,9.9864,12.3892,17.42,,73 ,94,100,
E08000007,England,Greater Manchester (Met County),Stockport,17.8,17.8,17.8,17.8,17.9,18,18,18,18.1,18,18,,13.4479125,12.3657,17.457475,,99 ,94,98,
E08000008,England,Greater Manchester (Met County),Tameside,14.3,14.3,14.2,14.1,14,14,13.9,13.8,13.7,13.7,13.6,,11.3358125,12.562955,17.772975,,85 ,97,99,
E08000009,England,Greater Manchester (Met County),Trafford,14.8,14.7,14.7,14.6,14.6,14.7,14.6,14.7,14.6,14.6,14.6,,13.71125,12.49915,17.695,,100 ,95,100,
E08000010,England,Greater Manchester (Met County),Wigan,18.2,18,17.8,17.7,17.6,17.5,17.4,17.3,17.2,17.1,17,,12.7212375,12.13549,17.4309,,93 ,92,97,
E10000017,England,Lancashire,Lancashire,67,66.6,66.1,65.7,65.5,65.1,64.7,64.2,63.8,63.4,63,,10.2046875,12.6121825,18.17125,,75 ,97,100,
E07000117,England,Lancashire,Burnley,5.7,5.6,5.5,5.4,5.4,5.3,5.3,5.2,5.2,5.1,5.1,,10.2046875,12.6121825,18.17125,,75 ,97,100,
E07000118,England,Lancashire,Chorley,6.5,6.6,6.6,6.6,6.6,6.7,6.7,6.7,6.7,6.7,6.6,,10.2046875,12.6121825,18.17125,,75 ,97,100,
E07000119,England,Lancashire,Fylde,3.3,3.3,3.3,3.3,3.3,3.3,3.2,3.2,3.2,3.2,3.2,,10.2046875,12.6121825,18.17125,,75 ,97,100,
E07000120,England,Lancashire,Hyndburn,5.2,5.2,5.1,5,5,4.9,4.8,4.8,4.7,4.7,4.6,,10.2046875,12.6121825,18.17125,,75 ,97,100,
E07000121,England,Lancashire,Lancaster,7.6,7.6,7.6,7.6,7.5,7.4,7.4,7.3,7.2,7.2,7.1,,10.2046875,12.6121825,18.17125,,75 ,97,100,
E07000122,England,Lancashire,Pendle,6.2,6.1,6,5.9,5.8,5.7,5.7,5.6,5.5,5.5,5.4,,10.2046875,12.6121825,18.17125,,75 ,97,100,
E07000123,England,Lancashire,Preston,9.2,9.1,9,8.9,8.8,8.7,8.6,8.6,8.5,8.4,8.4,,10.2046875,12.6121825,18.17125,,75 ,97,100,
E07000124,England,Lancashire,Ribble Valley,2.5,2.5,2.6,2.6,2.6,2.6,2.6,2.5,2.5,2.5,2.5,,10.2046875,12.6121825,18.17125,,75 ,97,100,
E07000125,England,Lancashire,Rossendale,4.1,4,4,4,4,3.9,3.9,3.9,3.9,3.8,3.8,,10.2046875,12.6121825,18.17125,,75 ,97,100,
E07000126,England,Lancashire,South Ribble,6,6,6,5.9,5.9,5.9,5.9,5.8,5.8,5.8,5.7,,10.2046875,12.6121825,18.17125,,75 ,97,100,
E07000127,England,Lancashire,West Lancashire,5.6,5.6,5.6,5.6,5.7,5.7,5.7,5.7,5.7,5.7,5.7,,10.2046875,12.6121825,18.17125,,75 ,97,100,
E07000128,England,Lancashire,Wyre,5,5,4.9,5,5,5,4.9,4.9,4.9,4.9,4.9,,10.2046875,12.6121825,18.17125,,75 ,97,100,
E08000011,England,Merseyside (Met County),Knowsley,9.7,9.8,9.6,9.6,9.6,9.6,9.6,9.6,9.6,9.6,9.5,,10.0375,12.444895,17.62775,,73 ,94,98,
E08000012,England,Merseyside (Met County),Liverpool,29.4,29.5,29.7,29.9,30.1,30.3,30.4,30.4,30.4,30.4,30.4,,10.454675,12.13365,16.8209375,,77 ,92,95,
E08000014,England,Merseyside (Met County),Sefton,14.5,14.4,14.4,14.3,14.4,14.4,14.3,14.3,14.3,14.2,14.1,,13.302275,12.60696,17.6702625,,98 ,96,99,
E08000013,England,Merseyside (Met County),St. Helens,10.1,10,10,9.9,9.9,9.9,9.9,9.8,9.8,9.8,9.7,,12.77225,12.49155,17.89625,,94 ,95,100,
E08000015,England,Merseyside (Met County),Wirral,18.4,18.1,18,17.8,17.8,17.7,17.6,17.5,17.4,17.3,17.2,,12.1140125,12.2913375,17.491525,,89 ,95,97,
E12000003,England,Yorkshire and The Humber,Yorkshire and The Humber,323,321.2,319.3,317.1,316.9,315.8,314.7,313.6,312.7,311.8,310.7,,9.8011625,12.2162875,17.959725,,73 ,95,98,
E06000011,England,Yorkshire and The Humber,East Riding of Yorkshire,15.4,15.3,15.1,15,15,14.9,14.9,14.8,14.7,14.6,14.6,,11.252025,12.30725,19.03375,,86 ,100,106,
E06000010,England,Yorkshire and The Humber,City of Kingston upon Hull,17.2,17,17,16.8,16.8,16.6,16.5,16.4,16.3,16.2,16.2,,9.48675,12.3958375,17.6358125,,70 ,95,97,
E06000012,England,Yorkshire and The Humber,North East Lincolnshire,9.4,9.3,9.1,8.9,8.9,8.8,8.6,8.5,8.5,8.4,8.3,,10.389225,12.390375,17.9771625,,77 ,95,99,
E06000013,England,Yorkshire and The Humber,North Lincolnshire,9.1,9.1,9,8.9,8.8,8.7,8.7,8.6,8.6,8.5,8.5,,9.3143125,11.83648,18.525,,71 ,94,100,
E06000014,England,Yorkshire and The Humber,York,10.2,10.2,10.2,10.3,10.3,10.3,10.3,10.3,10.3,10.3,10.3,,9.3425,12.2445,19.26375,,74 ,100,100,
E10000023,England,North Yorkshire,North Yorkshire,29.7,29.6,29.4,29.1,29,28.9,28.8,28.7,28.5,28.4,28.2,,12.5664,12.18532,18.4481875,,96 ,98,97,
E07000163,England,North Yorkshire,Craven,2.5,2.5,2.5,2.4,2.4,2.4,2.4,2.4,2.4,2.4,2.4,,12.5664,12.18532,18.4481875,,96 ,98,97,
E07000164,England,North Yorkshire,Hambleton,4.2,4.2,4.2,4.2,4.2,4.2,4.1,4.1,4.1,4.1,4.1,,12.5664,12.18532,18.4481875,,96 ,98,97,
E07000165,England,North Yorkshire,Harrogate,7.8,7.7,7.7,7.6,7.5,7.5,7.4,7.4,7.3,7.3,7.2,,12.5664,12.18532,18.4481875,,96 ,98,97,
E07000166,England,North Yorkshire,Richmondshire,2.7,2.7,2.7,2.6,2.6,2.6,2.5,2.5,2.5,2.5,2.5,,12.5664,12.18532,18.4481875,,96 ,98,97,
E07000167,England,North Yorkshire,Ryedale,2.5,2.5,2.5,2.5,2.6,2.6,2.6,2.6,2.6,2.6,2.6,,12.5664,12.18532,18.4481875,,96 ,98,97,
E07000168,England,North Yorkshire,Scarborough,5.1,5,5,4.9,4.8,4.8,4.8,4.7,4.7,4.7,4.6,,12.5664,12.18532,18.4481875,,96 ,98,97,
E07000169,England,North Yorkshire,Selby,4.9,4.9,4.9,4.9,4.9,4.9,4.9,4.9,4.9,4.9,4.9,,12.5664,12.18532,18.4481875,,96 ,98,97,
E08000016,England,South Yorkshire (Met County),Barnsley,14.1,14.1,14,13.9,13.9,13.9,13.9,13.9,13.9,13.9,13.9,,10.224375,12.56304,17.3790625,,73 ,95,98,
E08000017,England,South Yorkshire (Met County),Doncaster,18,17.8,17.6,17.3,17.2,17.1,16.9,16.8,16.7,16.6,16.5,,9.7506,11.9762825,17.638775,,72 ,91,98,
E08000018,England,South Yorkshire (Met County),Rotherham,15.7,15.5,15.6,15.4,15.4,15.4,15.3,15.3,15.2,15.2,15.2,,10.5000875,12.208485,18.3225,,79 ,94,100,
E08000019,England,South Yorkshire (Met County),Sheffield,33.1,33.4,33.6,33.9,34.1,34.3,34.5,34.6,34.7,34.8,34.8,,8.282425,12.0743,17.6724,,62 ,94,96,
E08000032,England,West Yorkshire (Met County),Bradford,39.5,39,38.3,37.7,37.4,37.1,36.8,36.5,36.2,36,35.9,,9.8253,11.9326025,17.0133125,,72 ,91,95,
E08000033,England,West Yorkshire (Met County),Calderdale,12.7,12.6,12.4,12.4,12.3,12.3,12.2,12.2,12.1,12.1,12,,11.923875,12.90275,17.9375,,90 ,100,100,
E08000034,England,West Yorkshire (Met County),Kirklees,27.4,27.2,27,26.8,26.8,26.7,26.7,26.6,26.6,26.5,26.5,,9.5637,11.79178,17.535175,,71 ,91,97,
E08000035,England,West Yorkshire (Met County),Leeds,51.1,51.1,51,50.8,50.9,50.9,50.9,50.8,50.8,50.8,50.7,,8.9981,12.288,17.97345,,67 ,96,99,
E08000036,England,West Yorkshire (Met County),Wakefield,20.3,20.1,20.1,19.9,19.9,19.8,19.7,19.6,19.5,19.4,19.4,,10.074375,12.63864,17.94,,75 ,96,100,
E12000004,England,East Midlands,East Midlands,273.5,273.5,273.1,272.5,273.1,273,272.8,272.5,272.2,271.8,271.2,,8.67985,11.847925,18.261075,,67 ,95,98,
E06000015,England,East Midlands,Derby,16.9,16.8,16.7,16.7,16.7,16.7,16.6,16.6,16.5,16.5,16.5,,9.442125,11.963055,16.8132375,,70 ,93,93,
E06000016,England,East Midlands,Leicester,25.7,25.8,25.7,25.7,25.8,25.8,25.7,25.7,25.6,25.6,25.6,,7.8445,11.46156,16.565625,,58 ,88,93,
E06000018,England,East Midlands,Nottingham,21.2,21.3,21.4,21.3,21.3,21.3,21.2,21.1,21.1,21,21,,7.7755125,11.8593,16.640025,,57 ,90,93,
E06000017,England,East Midlands,Rutland,1.8,1.8,1.7,1.7,1.7,1.7,1.7,1.7,1.7,1.6,1.6,,8.6258625,11.7493675,19.84,,69 ,97,100,
E10000007,England,Derbyshire,Derbyshire,40,39.9,39.9,39.9,40,40.1,40.1,40.1,40.1,40.1,40,,9.0972,12.1386375,18.5122,,72 ,99,98,
E07000032,England,Derbyshire,Amber Valley,6.2,6.2,6.1,6.2,6.2,6.2,6.2,6.2,6.2,6.2,6.2,,9.0972,12.1386375,18.5122,,72 ,99,98,
E07000033,England,Derbyshire,Bolsover,4.2,4.3,4.2,4.2,4.2,4.2,4.2,4.2,4.2,4.2,4.2,,9.0972,12.1386375,18.5122,,72 ,99,98,
E07000034,England,Derbyshire,Chesterfield,5.4,5.3,5.3,5.4,5.4,5.3,5.3,5.3,5.3,5.3,5.3,,9.0972,12.1386375,18.5122,,72 ,99,98,
E07000035,England,Derbyshire,Derbyshire Dales,2.8,2.8,2.8,2.8,2.8,2.9,2.9,2.9,2.9,2.9,2.9,,9.0972,12.1386375,18.5122,,72 ,99,98,
E07000036,England,Derbyshire,Erewash,6.4,6.4,6.4,6.4,6.4,6.4,6.4,6.4,6.4,6.4,6.4,,9.0972,12.1386375,18.5122,,72 ,99,98,
E07000037,England,Derbyshire,High Peak,4.5,4.5,4.5,4.4,4.5,4.5,4.5,4.5,4.5,4.5,4.4,,9.0972,12.1386375,18.5122,,72 ,99,98,
E07000038,England,Derbyshire,North East Derbyshire,4.7,4.7,4.7,4.7,4.8,4.8,4.8,4.8,4.8,4.8,4.8,,9.0972,12.1386375,18.5122,,72 ,99,98,
E07000039,England,Derbyshire,South Derbyshire,5.7,5.8,5.8,5.8,5.8,5.8,5.8,5.8,5.9,5.9,5.9,,9.0972,12.1386375,18.5122,,72 ,99,98,
E10000018,England,Leicestershire,Leicestershire,36.6,37,37.2,37.3,37.6,37.8,37.9,38,38.1,38.2,38.2,,9.315,11.41063,20.41625,,75 ,98,100,
E07000129,England,Leicestershire,Blaby,5.6,5.6,5.7,5.7,5.8,5.8,5.8,5.9,5.9,5.9,5.9,,9.315,11.41063,20.41625,,75 ,98,100,
E07000130,England,Leicestershire,Charnwood,9.6,9.8,9.8,9.9,10,10.1,10.2,10.2,10.2,10.3,10.3,,9.315,11.41063,20.41625,,75 ,98,100,
E07000131,England,Leicestershire,Harborough,4.7,4.7,4.7,4.7,4.8,4.8,4.9,4.9,4.9,4.9,4.9,,9.315,11.41063,20.41625,,75 ,98,100,
E07000132,England,Leicestershire,Hinckley and Bosworth,5.9,5.9,6,6,6,6,6,6,6,6,6,,9.315,11.41063,20.41625,,75 ,98,100,
E07000133,England,Leicestershire,Melton,2.6,2.6,2.6,2.6,2.6,2.6,2.6,2.6,2.6,2.6,2.6,,9.315,11.41063,20.41625,,75 ,98,100,
E07000134,England,Leicestershire,North West Leicestershire,5.3,5.4,5.4,5.4,5.5,5.5,5.6,5.6,5.6,5.7,5.7,,9.315,11.41063,20.41625,,75 ,98,100,
E07000135,England,Leicestershire,Oadby and Wigston,3,3,3,2.9,2.9,2.9,2.9,2.9,2.8,2.8,2.8,,9.315,11.41063,20.41625,,75 ,98,100,
E10000019,England,Lincolnshire,Lincolnshire,39.8,39.7,39.4,39.1,39,38.8,38.6,38.4,38.2,38,37.8,,8.9622,11.559415,17.526,,72 ,94,96,
E07000136,England,Lincolnshire,Boston,4.2,4.2,4.1,4,4,4,3.9,3.9,3.8,3.8,3.8,,8.9622,11.559415,17.526,,72 ,94,96,
E07000137,England,Lincolnshire,East Lindsey,6.2,6.1,6.1,6,6,5.9,5.9,5.8,5.8,5.8,5.7,,8.9622,11.559415,17.526,,72 ,94,96,
E07000138,England,Lincolnshire,Lincoln,5.8,5.8,5.7,5.7,5.6,5.6,5.5,5.5,5.4,5.4,5.3,,8.9622,11.559415,17.526,,72 ,94,96,
E07000139,England,Lincolnshire,North Kesteven,6,6,6,6,6.1,6.1,6.1,6.1,6,6,6,,8.9622,11.559415,17.526,,72 ,94,96,
E07000140,England,Lincolnshire,South Holland,5.1,5,5,5,5,4.9,4.9,4.9,4.8,4.8,4.8,,8.9622,11.559415,17.526,,72 ,94,96,
E07000141,England,Lincolnshire,South Kesteven,7.7,7.6,7.5,7.5,7.5,7.5,7.5,7.4,7.4,7.4,7.4,,8.9622,11.559415,17.526,,72 ,94,96,
E07000142,England,Lincolnshire,West Lindsey,4.9,4.9,4.9,4.9,4.9,4.9,4.9,4.9,4.8,4.8,4.8,,8.9622,11.559415,17.526,,72 ,94,96,
E10000021,England,Northamptonshire,Northamptonshire,46.5,46.3,46.1,45.6,45.6,45.4,45.3,45.1,45,44.9,44.8,,7.52775,11.34268,18.3409875,,60 ,92,99,
E07000150,England,Northamptonshire,Corby,5.1,5.1,5,5,5,5,5,5,5,5,5,,7.52775,11.34268,18.3409875,,60 ,92,99,
E07000151,England,Northamptonshire,Daventry,4.2,4.2,4.2,4.2,4.2,4.2,4.2,4.2,4.2,4.2,4.2,,7.52775,11.34268,18.3409875,,60 ,92,99,
E07000152,England,Northamptonshire,East Northamptonshire,4.9,4.9,4.9,4.8,4.8,4.8,4.8,4.8,4.8,4.7,4.7,,7.52775,11.34268,18.3409875,,60 ,92,99,
E07000153,England,Northamptonshire,Kettering,6.3,6.3,6.3,6.3,6.3,6.3,6.3,6.2,6.2,6.2,6.2,,7.52775,11.34268,18.3409875,,60 ,92,99,
E07000154,England,Northamptonshire,Northampton,16.1,16,15.8,15.6,15.5,15.4,15.3,15.2,15.2,15.1,15.1,,7.52775,11.34268,18.3409875,,60 ,92,99,
E07000155,England,Northamptonshire,South Northamptonshire,4.9,4.9,4.9,4.9,4.9,4.9,4.9,4.9,4.9,4.9,4.9,,7.52775,11.34268,18.3409875,,60 ,92,99,
E07000156,England,Northamptonshire,Wellingborough,5.1,5,5,4.9,4.9,4.8,4.8,4.8,4.7,4.7,4.7,,7.52775,11.34268,18.3409875,,60 ,92,99,
E10000024,England,Nottinghamshire,Nottinghamshire,44.8,44.9,45,45.1,45.4,45.5,45.6,45.7,45.8,45.8,45.8,,9.5373,12.886,18.31125,,72 ,100,100,
E07000170,England,Nottinghamshire,Ashfield,7.4,7.4,7.4,7.4,7.4,7.4,7.4,7.5,7.5,7.5,7.5,,9.5373,12.886,18.31125,,72 ,100,100,
E07000171,England,Nottinghamshire,Bassetlaw,6.2,6.2,6.1,6,6,6,6,6,5.9,5.9,5.9,,9.5373,12.886,18.31125,,72 ,100,100,
E07000172,England,Nottinghamshire,Broxtowe,6.1,6.1,6.2,6.2,6.3,6.3,6.4,6.4,6.4,6.4,6.4,,9.5373,12.886,18.31125,,72 ,100,100,
E07000173,England,Nottinghamshire,Gedling,6.4,6.4,6.5,6.5,6.6,6.6,6.7,6.7,6.7,6.7,6.7,,9.5373,12.886,18.31125,,72 ,100,100,
E07000174,England,Nottinghamshire,Mansfield,6.5,6.4,6.4,6.4,6.4,6.4,6.3,6.3,6.3,6.3,6.3,,9.5373,12.886,18.31125,,72 ,100,100,
E07000175,England,Nottinghamshire,Newark and Sherwood,6.5,6.5,6.5,6.6,6.6,6.6,6.6,6.7,6.7,6.7,6.7,,9.5373,12.886,18.31125,,72 ,100,100,
E07000176,England,Nottinghamshire,Rushcliffe,5.9,5.9,6,6,6.1,6.1,6.2,6.2,6.3,6.3,6.3,,9.5373,12.886,18.31125,,72 ,100,100,
E12000005,England,West Midlands,West Midlands,358.9,358,358.1,357.6,359,359.4,359.8,360.2,360.5,360.7,360.5,,9.16725,12.053265,17.985825,,68 ,93,99,
E06000019,England,West Midlands,County of Herefordshire,9.3,9.3,9.3,9.3,9.3,9.3,9.2,9.2,9.2,9.2,9.1,,7.9056,11.450625,18.452175,,64 ,93,98,
E06000051,England,West Midlands,Shropshire,14.7,14.6,14.6,14.4,14.4,14.4,14.4,14.3,14.3,14.2,14.2,,9.4896,12.526,18.74875,,72 ,100,100,
E06000021,England,West Midlands,Stoke-on-Trent,17.3,17,16.9,16.8,16.8,16.7,16.7,16.6,16.6,16.5,16.5,,8.867925,11.59759,16.3438,,66 ,89,92,
E06000020,England,West Midlands,Telford and Wrekin,10.8,10.6,10.6,10.6,10.6,10.5,10.5,10.5,10.5,10.4,10.4,,9.492875,12.713305,18.135,,70 ,97,100,
E10000028,England,Staffordshire,Staffordshire,43.8,43.6,43.5,43.3,43.4,43.3,43.2,43.1,43,42.8,42.7,,9.831825,12.94,18.16,,74 ,100,100,
E07000192,England,Staffordshire,Cannock Chase,5.2,5.2,5.1,5.1,5.1,5.1,5,5,5,4.9,4.9,,9.831825,12.94,18.16,,74 ,100,100,
E07000193,England,Staffordshire,East Staffordshire,7.2,7.1,7.1,7,7,7,6.9,6.9,6.9,6.8,6.8,,9.831825,12.94,18.16,,74 ,100,100,
E07000194,England,Staffordshire,Lichfield,4.9,4.9,4.9,4.8,4.8,4.8,4.8,4.8,4.8,4.8,4.8,,9.831825,12.94,18.16,,74 ,100,100,
E07000195,England,Staffordshire,Newcastle-under-Lyme,6.3,6.3,6.3,6.4,6.4,6.5,6.5,6.5,6.5,6.5,6.5,,9.831825,12.94,18.16,,74 ,100,100,
E07000196,England,Staffordshire,South Staffordshire,4.9,4.9,4.9,4.9,4.9,5,5,5,4.9,4.9,4.9,,9.831825,12.94,18.16,,74 ,100,100,
E07000197,England,Staffordshire,Stafford,6.6,6.5,6.5,6.5,6.5,6.5,6.5,6.5,6.5,6.5,6.5,,9.831825,12.94,18.16,,74 ,100,100,
E07000198,England,Staffordshire,Staffordshire Moorlands,4.3,4.2,4.3,4.3,4.3,4.3,4.3,4.3,4.3,4.3,4.2,,9.831825,12.94,18.16,,74 ,100,100,
E07000199,England,Staffordshire,Tamworth,4.5,4.4,4.4,4.3,4.3,4.2,4.2,4.2,4.1,4.1,4.1,,9.831825,12.94,18.16,,74 ,100,100,
E10000031,England,Warwickshire,Warwickshire,30.7,30.6,30.5,30.3,30.4,30.4,30.4,30.5,30.5,30.5,30.5,,10.542,12.694,18.3775,,80 ,100,104,
E07000218,England,Warwickshire,North Warwickshire,3.2,3.2,3.2,3.2,3.2,3.2,3.2,3.2,3.2,3.2,3.2,,10.542,12.694,18.3775,,80 ,100,104,
E07000219,England,Warwickshire,Nuneaton and Bedworth,7.8,7.8,7.8,7.7,7.7,7.7,7.7,7.7,7.7,7.7,7.7,,10.542,12.694,18.3775,,80 ,100,104,
E07000220,England,Warwickshire,Rugby,6.4,6.4,6.4,6.3,6.3,6.3,6.3,6.3,6.3,6.3,6.3,,10.542,12.694,18.3775,,80 ,100,104,
E07000221,England,Warwickshire,Stratford-on-Avon,5.8,5.8,5.8,5.7,5.7,5.7,5.7,5.7,5.7,5.7,5.7,,10.542,12.694,18.3775,,80 ,100,104,
E07000222,England,Warwickshire,Warwick,7.3,7.3,7.3,7.3,7.4,7.4,7.5,7.5,7.6,7.6,7.7,,10.542,12.694,18.3775,,80 ,100,104,
E08000025,England,West Midlands (Met County),Birmingham,85.3,85.4,85.8,86,86.6,86.9,87.3,87.6,87.9,88.1,88.3,,8.476175,11.47269,17.1324,,62 ,87,96,
E08000026,England,West Midlands (Met County),Coventry,24,24.5,24.9,25.4,25.9,26.3,26.6,27,27.2,27.5,27.6,,8.4868875,11.238265,16.445,,63 ,86,92,
E08000027,England,West Midlands (Met County),Dudley,18.9,18.7,18.7,18.6,18.7,18.6,18.6,18.6,18.6,18.5,18.5,,9.637825,11.8261125,18.36275,,73 ,93,98,
E08000028,England,West Midlands (Met County),Sandwell,23.5,23.4,23.3,23.1,23.1,23,23,23,23,22.9,22.9,,8.84,12.44231,17.721,,65 ,94,99,
E08000029,England,West Midlands (Met County),Solihull,12.3,12.3,12.4,12.3,12.4,12.5,12.5,12.6,12.6,12.6,12.7,,12.4817625,12.91825,17.9975,,93 ,100,100,
E08000030,England,West Midlands (Met County),Walsall,19.1,19,19,18.9,18.9,19,18.9,18.9,18.9,18.9,18.9,,8.5002,11.85075,17.444,,62 ,90,98,
E08000031,England,West Midlands (Met County),Wolverhampton,17.9,17.7,17.6,17.4,17.4,17.4,17.3,17.2,17.2,17.1,17.1,,10.542,12.694,18.3775,,83 ,86,95,
E10000034,England,Worcestershire,Worcestershire,31.3,31.2,31.2,31.1,31.2,31.2,31.2,31.2,31.2,31.2,31.1,,11.2579125,11.23504,16.8541875,,63 ,95,98,
E07000234,England,Worcestershire,Bromsgrove,5.1,5.1,5.1,5.2,5.2,5.3,5.3,5.3,5.4,5.4,5.4,,8.4861,12.0723625,18.753525,,63 ,95,98,
E07000235,England,Worcestershire,Malvern Hills,3.3,3.3,3.3,3.3,3.3,3.3,3.3,3.3,3.3,3.3,3.3,,8.4861,12.0723625,18.753525,,63 ,95,98,
E07000236,England,Worcestershire,Redditch,5.4,5.3,5.2,5.1,5,5,4.9,4.9,4.8,4.8,4.8,,8.4861,12.0723625,18.753525,,63 ,95,98,
E07000237,England,Worcestershire,Worcester,6.1,6.1,6.1,6.1,6.1,6.1,6.2,6.2,6.2,6.2,6.2,,8.4861,12.0723625,18.753525,,63 ,95,98,
E07000238,England,Worcestershire,Wychavon,6.1,6.1,6.1,6.1,6.2,6.2,6.2,6.2,6.2,6.2,6.2,,8.4861,12.0723625,18.753525,,63 ,95,98,
E07000239,England,Worcestershire,Wyre Forest,5.5,5.4,5.4,5.3,5.3,5.3,5.3,5.3,5.2,5.2,5.2,,8.4861,12.0723625,18.753525,,63 ,95,98,
E12000006,England,East,East,373.9,373.4,373.1,371.6,372.5,372.2,371.7,371.1,370.4,369.5,368.5,,8.82875,11.69924,17.65575,,70 ,94,95,
E06000055,England,East,Bedford,11.2,11.1,11.1,11,10.9,10.9,10.9,10.8,10.7,10.7,10.7,,9.113125,12.206965,18.285575,,70 ,97,98,
E06000056,England,East,Central Bedfordshire,17.8,17.9,17.9,18,18.1,18.2,18.3,18.3,18.3,18.3,18.3,,9.6007,11.477595,18.317425,,76 ,93,98,
E06000032,England,East,Luton,17.8,17.6,17.4,17.2,17.1,17,16.9,16.8,16.7,16.6,16.5,,8.0026125,11.31932,16.070625,,59 ,86,90,
E06000031,England,East,Peterborough,15.8,15.6,15.4,15.2,15.1,14.9,14.8,14.7,14.6,14.5,14.4,,8.9932875,10.99076,17.3291875,,69 ,88,95,
E06000033,England,East,Southend-on-Sea,11.2,11.2,11.2,11.1,11.1,11.1,11.1,11.1,11.1,11.1,11.1,,8.022025,11.4389275,17.4154125,,62 ,91,93,
E06000034,England,East,Thurrock,12.8,12.8,12.7,12.6,12.7,12.7,12.7,12.7,12.7,12.7,12.7,,8.92515,11.1518775,17.17295,,69 ,87,92,
E10000003,England,East,Cambridgeshire,37.5,37.3,37.1,36.7,36.5,36.2,36,35.8,35.5,35.3,35.1,,8.2841,11.3294625,17.905125,,68 ,95,95,
E07000008,England,East,Cambridge,6.7,6.5,6.4,6.2,6.1,5.9,5.8,5.7,5.7,5.6,5.6,,8.2841,11.3294625,17.905125,,68 ,95,95,
E07000009,England,East,East Cambridgeshire,5.3,5.3,5.3,5.3,5.3,5.3,5.2,5.2,5.2,5.2,5.2,,8.2841,11.3294625,17.905125,,68 ,95,95,
E07000010,England,East,Fenland,5.9,5.8,5.8,5.7,5.7,5.7,5.6,5.6,5.6,5.5,5.5,,8.2841,11.3294625,17.905125,,68 ,95,95,
E07000011,England,East,Huntingdonshire,10.4,10.3,10.3,10.2,10.2,10.2,10.2,10.1,10.1,10,10,,8.2841,11.3294625,17.905125,,68 ,95,95,
E07000012,England,East,South Cambridgeshire,9.3,9.3,9.3,9.2,9.2,9.2,9.1,9.1,9,9,9,,8.2841,11.3294625,17.905125,,68 ,95,95,
E10000012,England,Essex,Essex,85.8,86,86.2,86.3,87,87.2,87.5,87.6,87.7,87.7,87.6,,8.394375,12.16964,18.2845,,66 ,98,97,
E07000066,England,Essex,Basildon,12.7,12.7,12.8,12.7,12.8,12.9,12.9,13,13,13,13,,8.394375,12.16964,18.2845,,66 ,98,97,
E07000067,England,Essex,Braintree,8.5,8.4,8.4,8.4,8.4,8.4,8.4,8.3,8.3,8.3,8.3,,8.394375,12.16964,18.2845,,66 ,98,97,
E07000068,England,Essex,Brentwood,4.5,4.5,4.5,4.6,4.6,4.7,4.7,4.7,4.8,4.8,4.8,,8.394375,12.16964,18.2845,,66 ,98,97,
E07000069,England,Essex,Castle Point,4.5,4.5,4.6,4.6,4.6,4.6,4.6,4.6,4.6,4.6,4.6,,8.394375,12.16964,18.2845,,66 ,98,97,
E07000070,England,Essex,Chelmsford,10,10,10,10,10.1,10.1,10.1,10.1,10.1,10.1,10.1,,8.394375,12.16964,18.2845,,66 ,98,97,
E07000071,England,Essex,Colchester,11.7,11.7,11.8,11.9,12.1,12.1,12.2,12.3,12.3,12.3,12.3,,8.394375,12.16964,18.2845,,66 ,98,97,
E07000072,England,Essex,Epping Forest,8.1,8.2,8.2,8.2,8.3,8.4,8.4,8.4,8.4,8.4,8.4,,8.394375,12.16964,18.2845,,66 ,98,97,
E07000073,England,Essex,Harlow,6.5,6.4,6.4,6.4,6.4,6.4,6.3,6.3,6.3,6.3,6.2,,8.394375,12.16964,18.2845,,66 ,98,97,
E07000074,England,Essex,Maldon,3,3,3,3,3.1,3.1,3.1,3.1,3.1,3.1,3.1,,8.394375,12.16964,18.2845,,66 ,98,97,
E07000075,England,Essex,Rochford,4.1,4.2,4.2,4.2,4.3,4.3,4.3,4.3,4.3,4.3,4.3,,8.394375,12.16964,18.2845,,66 ,98,97,
E07000076,England,Essex,Tendring,7.1,7.1,7,7,7.1,7.1,7.1,7.1,7.1,7.1,7.1,,8.394375,12.16964,18.2845,,66 ,98,97,
E07000077,England,Essex,Uttlesford,5.2,5.2,5.2,5.2,5.3,5.3,5.3,5.4,5.4,5.4,5.4,,8.394375,12.16964,18.2845,,66 ,98,97,
E10000015,England,Hertfordshire,Hertfordshire,76.1,76.2,76.4,76.3,76.6,76.7,76.7,76.6,76.5,76.3,76.1,,8.68365,11.63961,16.7899875,,69 ,92,93,
E07000095,England,Hertfordshire,Broxbourne,6.4,6.4,6.4,6.4,6.4,6.4,6.4,6.4,6.4,6.3,6.3,,8.68365,11.63961,16.7899875,,69 ,92,93,
E07000096,England,Hertfordshire,Dacorum,9.9,9.9,9.9,9.9,10,10,10,10,10,10,10,,8.68365,11.63961,16.7899875,,69 ,92,93,
E07000242,England,Hertfordshire,East Hertfordshire,8.5,8.6,8.7,8.7,8.7,8.8,8.8,8.8,8.9,8.9,8.8,,8.68365,11.63961,16.7899875,,69 ,92,93,
E07000098,England,Hertfordshire,Hertsmere,6.9,6.8,6.8,6.8,6.8,6.8,6.7,6.7,6.7,6.6,6.6,,8.68365,11.63961,16.7899875,,69 ,92,93,
E07000099,England,Hertfordshire,North Hertfordshire,8.2,8.2,8.3,8.2,8.3,8.3,8.3,8.3,8.3,8.2,8.2,,8.68365,11.63961,16.7899875,,69 ,92,93,
E07000240,England,Hertfordshire,St Albans,9.9,9.9,9.9,9.9,9.9,10,10,10,10,10,10,,8.68365,11.63961,16.7899875,,69 ,92,93,
E07000243,England,Hertfordshire,Stevenage,5.9,5.9,5.9,5.9,5.9,5.9,5.8,5.8,5.8,5.8,5.8,,8.68365,11.63961,16.7899875,,69 ,92,93,
E07000102,England,Hertfordshire,Three Rivers,5.7,5.7,5.7,5.7,5.7,5.7,5.7,5.7,5.7,5.6,5.6,,8.68365,11.63961,16.7899875,,69 ,92,93,
E07000103,England,Hertfordshire,Watford,7.2,7.2,7.2,7.1,7.1,7.1,7,7,7,6.9,6.9,,8.68365,11.63961,16.7899875,,69 ,92,93,
E07000241,England,Hertfordshire,Welwyn Hatfield,7.6,7.6,7.7,7.8,7.8,7.9,7.9,7.9,7.9,7.9,7.8,,8.68365,11.63961,16.7899875,,69 ,92,93,
E10000020,England,Norfolk,Norfolk,46.8,46.7,46.6,46.5,46.6,46.5,46.4,46.3,46.3,46.2,46.1,,9.6400125,12.16925,19.0463625,,81 ,100,99,
E07000143,England,Norfolk,Breckland,7.5,7.5,7.5,7.5,7.5,7.4,7.4,7.4,7.4,7.4,7.3,,9.6400125,12.16925,19.0463625,,81 ,100,99,
E07000144,England,Norfolk,Broadland,6,6,6.1,6.1,6.1,6.2,6.2,6.2,6.2,6.2,6.2,,9.6400125,12.16925,19.0463625,,81 ,100,99,
E07000145,England,Norfolk,Great Yarmouth,5.4,5.3,5.3,5.2,5.2,5.1,5.1,5,5,5,4.9,,9.6400125,12.16925,19.0463625,,81 ,100,99,
E07000146,England,Norfolk,King's Lynn and West Norfolk,8.3,8.3,8.2,8.1,8.1,8,8,7.9,7.9,7.8,7.8,,9.6400125,12.16925,19.0463625,,81 ,100,99,
E07000147,England,Norfolk,North Norfolk,4.1,4.1,4.1,4.1,4.1,4.1,4.1,4,4,4,4,,9.6400125,12.16925,19.0463625,,81 ,100,99,
E07000148,England,Norfolk,Norwich,8.4,8.3,8.4,8.4,8.4,8.4,8.4,8.4,8.4,8.4,8.4,,9.6400125,12.16925,19.0463625,,81 ,100,99,
E07000149,England,Norfolk,South Norfolk,7,7.1,7.2,7.2,7.3,7.3,7.4,7.4,7.4,7.4,7.4,,9.6400125,12.16925,19.0463625,,81 ,100,99,
E10000029,England,Suffolk,Suffolk,41.1,41,41.1,40.8,40.8,40.7,40.6,40.5,40.3,40.2,40,,9.9786875,11.798645,17.296,,79 ,94,94,
E07000200,England,Suffolk,Babergh,4.3,4.3,4.3,4.2,4.3,4.3,4.3,4.2,4.2,4.2,4.2,,9.9786875,11.798645,17.296,,79 ,94,94,
E07000201,England,Suffolk,Forest Heath,5.1,5.3,5.4,5.4,5.4,5.4,5.4,5.4,5.3,5.3,5.3,,9.9786875,11.798645,17.296,,79 ,94,94,
E07000202,England,Suffolk,Ipswich,9.4,9.3,9.3,9.1,9.1,9.1,9,9,8.9,8.9,8.9,,9.9786875,11.798645,17.296,,79 ,94,94,
E07000203,England,Suffolk,Mid Suffolk,4.7,4.6,4.7,4.7,4.7,4.7,4.7,4.7,4.7,4.7,4.7,,9.9786875,11.798645,17.296,,79 ,94,94,
E07000204,England,Suffolk,St Edmundsbury,6,6,5.9,5.9,5.9,5.9,5.8,5.8,5.8,5.8,5.7,,9.9786875,11.798645,17.296,,79 ,94,94,
E07000205,England,Suffolk,Suffolk Coastal,5.6,5.6,5.6,5.5,5.5,5.5,5.5,5.5,5.5,5.5,5.4,,9.9786875,11.798645,17.296,,79 ,94,94,
E07000206,England,Suffolk,Waveney,6,6,5.9,5.9,5.9,5.9,5.9,5.9,5.8,5.8,5.8,,9.9786875,11.798645,17.296,,79 ,94,94,
E12000007,England,London,London,623.1,622.8,621.8,619.4,619.3,617.5,615.6,613.6,611.5,609.4,607.1,,8.2113625,10.671685,15.26285,,61 ,82,86,
E09000007,England,London,Camden,14,13.9,13.9,13.9,13.9,13.8,13.7,13.6,13.6,13.5,13.5,,8.7968,8.703915,11.374275,,64 ,66,66,
E09000001,England,London,City of London,0.4,0.3,0.3,0.3,0.3,0.3,0.3,0.3,0.3,0.3,0.2,,4.5375,8.6691,10.16625,,33 ,66,60,
E09000012,England,London,Hackney,20.8,20.9,21.1,21.2,21.4,21.5,21.6,21.7,21.7,21.7,21.7,,8.096275,11.2465625,14.489925,,59 ,85,86,
E09000013,England,London,Hammersmith and Fulham,10.8,10.6,10.4,10.2,10.1,9.9,9.7,9.6,9.5,9.4,9.4,,11.6715625,11.04306,14.0384,,85 ,84,82,
E09000014,England,London,Haringey,18.9,18.8,18.7,18.6,18.6,18.5,18.5,18.4,18.4,18.3,18.2,,7.420275,9.607895,14.98875,,54 ,73,84,
E09000019,England,London,Islington,13.2,13.4,13.5,13.5,13.6,13.7,13.7,13.7,13.7,13.7,13.7,,8.7648,11.21575,14.834825,,64 ,85,82,
E09000020,England,London,Kensington and Chelsea,8.1,7.9,7.8,7.6,7.4,7.3,7.2,7,7,6.9,6.8,,9.7625,10.82031,13.423,,71 ,82,80,
E09000022,England,London,Lambeth,20,20.1,20.2,20.3,20.4,20.5,20.5,20.5,20.5,20.5,20.5,,8.788,11.378445,15.462075,,64 ,86,87,
E09000023,England,London,Lewisham,22.5,22.6,22.8,23,23.2,23.3,23.3,23.4,23.5,23.5,23.5,,7.367625,10.7173125,14.95095,,54 ,81,84,
E09000025,England,London,Newham,28.9,28.7,28.7,28.6,28.5,28.4,28.2,28.1,27.9,27.7,27.6,,6.836875,10.316475,15.1523125,,50 ,78,85,
E09000028,England,London,Southwark,21.2,21.2,21.3,21.6,21.7,21.7,21.8,21.8,21.8,21.8,21.8,,12.7793625,10.5844,14.7501375,,93 ,80,83,
E09000030,England,London,Tower Hamlets,22.1,22.3,22.5,22.6,22.7,22.7,22.7,22.6,22.6,22.6,22.5,,6.4172625,10.5516,14.77035,,47 ,80,84,
E09000032,England,London,Wandsworth,22.2,22.2,22.2,22.3,22.3,22.3,22.3,22.2,22.2,22.2,22.1,,7.77345,10.8164625,14.848725,,58 ,85,87,
E09000033,England,London,Westminster,13.2,13.1,13,12.8,12.7,12.5,12.4,12.2,12.1,12,12,,7.97065,7.406,9.7013,,58 ,56,56,
E09000002,England,Outer London,Barking and Dagenham,20,20.1,20.2,20.1,20.2,20.2,20.2,20.2,20.1,20.1,20.1,,10.1907,10.71904,16.22075,,78 ,82,91,
E09000003,England,Outer London,Barnet,26.7,26.7,26.6,26.5,26.4,26.3,26.2,26,25.9,25.8,25.7,,8.6432,10.5272,14.6754375,,64 ,80,83,
E09000004,England,Outer London,Bexley,16.4,16.6,16.7,16.9,17.1,17.2,17.3,17.3,17.4,17.4,17.4,,7.7017125,10.99768,17.18555,,59 ,86,94,
E09000005,England,Outer London,Brent,24.1,23.7,23.3,22.8,22.6,22.3,22,21.7,21.5,21.3,21.1,,7.6895,9.65425,14.3451,,56 ,73,81,
E09000006,England,Outer London,Bromley,21.7,21.9,22.1,22.1,22.4,22.5,22.7,22.7,22.8,22.8,22.8,,8.0916875,11.5558,17.5200375,,65 ,95,93,
E09000008,England,Outer London,Croydon,28.4,28.4,28.3,28,28,27.9,27.8,27.7,27.6,27.5,27.4,,10.816825,10.2734,15.5784375,,82 ,80,87,
E09000009,England,Outer London,Ealing,25,24.6,24.1,23.7,23.3,23,22.6,22.4,22.1,21.9,21.7,,8.3425125,11.191525,15.18545,,61 ,85,86,
E09000010,England,Outer London,Enfield,24.9,25,25,24.9,24.9,24.8,24.7,24.6,24.5,24.4,24.3,,7.33185,10.534455,16.0010875,,54 ,81,89,
E09000011,England,Outer London,Greenwich,22.2,22.3,22.3,22.4,22.5,22.6,22.6,22.6,22.6,22.6,22.6,,7.5432,11.033425,15.231675,,56 ,85,86,
E09000015,England,Outer London,Harrow,17.5,17.4,17.3,17,16.8,16.6,16.5,16.3,16.1,16,15.8,,7.843775,10.761065,16.041375,,58 ,82,90,
E09000016,England,Outer London,Havering,17.4,17.7,17.9,17.9,18.2,18.3,18.4,18.5,18.5,18.5,18.5,,7.2856,11.394225,17.7912,,56 ,90,96,
E09000017,England,Outer London,Hillingdon,22.9,22.9,22.8,22.7,22.7,22.6,22.4,22.3,22.2,22,21.9,,6.66155,11.3262,16.1377125,,49 ,86,91,
E09000018,England,Outer London,Hounslow,20.4,20.2,19.9,19.6,19.4,19.1,18.9,18.7,18.5,18.4,18.3,,10.972875,10.35414,16.08675,,87 ,82,89,
E09000021,England,Outer London,Kingston upon Thames,11.7,11.8,11.8,11.8,11.8,11.8,11.8,11.8,11.7,11.7,11.7,,10.369125,10.95225,15.4671,,78 ,85,86,
E09000024,England,Outer London,Merton,15.5,15.4,15.4,15.3,15.2,15.1,15.1,15,14.9,14.9,14.8,,8.288375,11.16985,14.6937,,61 ,85,84,
E09000026,England,Outer London,Redbridge,23,23.1,23.1,23,23.1,23,23,22.9,22.8,22.8,22.7,,7.638,11.92159,17.486875,,57 ,92,98,
E09000027,England,Outer London,Richmond upon Thames,13,12.8,12.8,12.7,12.6,12.6,12.5,12.5,12.4,12.4,12.3,,12.23255,12.22296,17.79375,,92 ,96,103,
E09000029,England,Outer London,Sutton,14.1,14.1,14,13.9,13.9,13.9,13.8,13.8,13.7,13.7,13.6,,12.9,10.433205,16.080075,,10 ,81,89,
E09000031,England,Outer London,Waltham Forest,21.9,21.9,21.8,21.6,21.6,21.5,21.4,21.3,21.2,21,20.9,,6.4434,10.3234,15.7839,,48 ,80,88,
E12000008,England,South East,South East,531.1,529.6,527.9,526,526.3,525.2,524.3,523.3,522.4,521.4,520.2,,8.81125,11.56482,17.7424375,,70 ,94,95,
E06000036,England,South East,Bracknell Forest,7.6,7.5,7.5,7.5,7.5,7.5,7.5,7.5,7.4,7.4,7.4,,9.2792125,11.3615175,16.0083,,73 ,89,88,
E06000043,England,South East,Brighton and Hove,14.4,14.5,14.5,14.6,14.7,14.7,14.8,14.8,14.9,14.9,15,,10.53045,11.86504,17.3481875,,84 ,97,95,
E06000046,England,South East,Isle of Wight,6.6,6.5,6.4,6.4,6.4,6.3,6.3,6.2,6.2,6.2,6.1,,8.770125,12.1460975,17.8868,,70 ,97,97,
E06000035,England,South East,Medway,18.6,18.5,18.5,18.5,18.6,18.6,18.7,18.7,18.7,18.7,18.7,,8.617125,11.541375,16.72445,,66 ,90,92,
E06000042,England,South East,Milton Keynes,19.5,19.4,19.2,18.9,18.8,18.7,18.6,18.5,18.4,18.3,18.3,,8.516475,10.856425,17.048075,,66 ,86,94,
E06000044,England,South East,Portsmouth,13.2,13.2,13.2,13.2,13.2,13.2,13.1,13.1,13.1,13.1,13,,8.99675,11.931185,17.63755,,70 ,94,98,
E06000038,England,South East,Reading,11.8,11.7,11.7,11.6,11.5,11.4,11.3,11.3,11.2,11.2,11.1,,7.8068,11.48634,15.7795,,58 ,89,88,
E06000039,England,South East,Slough,12.7,12.4,12.2,11.9,11.7,11.5,11.4,11.2,11.1,11,10.9,,6.776875,11.188125,16.4657,,50 ,85,92,
E06000045,England,South East,Southampton,16.1,16.1,16.1,16.1,16.1,16,15.9,15.9,15.9,15.8,15.8,,10.191,10.98171,16.90385,,80 ,89,92,
E06000037,England,South East,West Berkshire,9.2,9.1,9,9,8.9,8.9,8.8,8.8,8.8,8.8,8.7,,9.22425,12.5143425,18.09815,,70 ,99,98,
E06000040,England,South East,Windsor and Maidenhead,8.7,8.6,8.6,8.5,8.4,8.4,8.3,8.3,8.2,8.2,8.1,,7.73785,12.4825,18.03375,,59 ,100,100,
E06000041,England,South East,Wokingham,9.8,9.8,9.9,9.8,9.8,9.8,9.8,9.8,9.8,9.7,9.7,,6.5143625,12.333,18.4025,,53 ,100,100,
E10000002,England,South East,Buckinghamshire,33,33.1,33.1,33,33.1,33.1,33.1,33.1,33,33,32.9,,9.3571875,11.25597,17.0545375,,75 ,92,91,
E07000004,England,South East,Aylesbury Vale,12.6,12.7,12.8,12.9,13,13.1,13.1,13.2,13.2,13.2,13.2,,9.3571875,11.25597,17.0545375,,75 ,92,91,
E07000005,England,South East,Chiltern,5.2,5.2,5.2,5.2,5.2,5.2,5.2,5.2,5.2,5.2,5.1,,9.3571875,11.25597,17.0545375,,75 ,92,91,
E07000006,England,South East,South Bucks,4.1,4.1,4.1,4.1,4.1,4.1,4.1,4.1,4.1,4,4,,9.3571875,11.25597,17.0545375,,75 ,92,91,
E07000007,England,South East,Wycombe,11.1,11.1,10.9,10.8,10.8,10.7,10.7,10.6,10.6,10.5,10.5,,9.3571875,11.25597,17.0545375,,75 ,92,91,
E10000011,England,East Sussex,East Sussex,27.5,27.5,27.5,27.5,27.6,27.6,27.6,27.6,27.6,27.6,27.6,,10.9011,11.50069,18.6882625,,84 ,92,97,
E07000061,England,East Sussex,Eastbourne,5.6,5.5,5.4,5.4,5.4,5.3,5.3,5.3,5.3,5.2,5.2,,10.9011,11.50069,18.6882625,,84 ,92,97,
E07000062,England,East Sussex,Hastings,5.6,5.5,5.5,5.5,5.5,5.4,5.4,5.4,5.4,5.4,5.3,,10.9011,11.50069,18.6882625,,84 ,92,97,
E07000063,England,East Sussex,Lewes,4.9,4.9,4.9,4.9,5,5,5,5,5.1,5.1,5.1,,10.9011,11.50069,18.6882625,,84 ,92,97,
E07000064,England,East Sussex,Rother,3.9,3.9,4,4,4,4,4,4,4,4,4,,10.9011,11.50069,18.6882625,,84 ,92,97,
E07000065,England,East Sussex,Wealden,7.6,7.7,7.7,7.8,7.8,7.9,7.9,7.9,8,8,8,,10.9011,11.50069,18.6882625,,84 ,92,97,
E10000014,England,Hampshire,Hampshire,74.8,74.5,74.4,74.3,74.4,74.4,74.4,74.3,74.3,74.2,74.1,,9.4278,11.6271475,18.345125,,76 ,97,97,
E07000084,England,Hampshire,Basingstoke and Deane,11.2,11,11,10.9,10.9,10.8,10.8,10.8,10.8,10.7,10.7,,9.4278,11.6271475,18.345125,,76 ,97,97,
E07000085,England,Hampshire,East Hampshire,6,5.9,5.9,5.9,5.9,5.9,5.9,5.9,5.9,5.9,5.9,,9.4278,11.6271475,18.345125,,76 ,97,97,
E07000086,England,Hampshire,Eastleigh,7.5,7.5,7.5,7.5,7.6,7.6,7.6,7.6,7.6,7.6,7.6,,9.4278,11.6271475,18.345125,,76 ,97,97,
E07000087,England,Hampshire,Fareham,5.7,5.7,5.7,5.8,5.8,5.9,5.9,5.9,5.9,5.9,5.9,,9.4278,11.6271475,18.345125,,76 ,97,97,
E07000088,England,Hampshire,Gosport,4.7,4.7,4.6,4.6,4.6,4.6,4.6,4.6,4.5,4.5,4.5,,9.4278,11.6271475,18.345125,,76 ,97,97,
E07000089,England,Hampshire,Hart,5.3,5.3,5.2,5.2,5.2,5.2,5.2,5.1,5.1,5.1,5.1,,9.4278,11.6271475,18.345125,,76 ,97,97,
E07000090,England,Hampshire,Havant,6.6,6.5,6.6,6.6,6.6,6.6,6.6,6.6,6.6,6.6,6.6,,9.4278,11.6271475,18.345125,,76 ,97,97,
E07000091,England,Hampshire,New Forest,7.9,7.9,7.9,7.9,7.9,7.9,7.9,7.9,7.9,7.9,7.9,,9.4278,11.6271475,18.345125,,76 ,97,97,
E07000092,England,Hampshire,Rushmoor,6.5,6.4,6.3,6.2,6.2,6.1,6.1,6.1,6,6,6,,9.4278,11.6271475,18.345125,,76 ,97,97,
E07000093,England,Hampshire,Test Valley,7.1,7.1,7.1,7.1,7.2,7.2,7.3,7.3,7.3,7.3,7.3,,9.4278,11.6271475,18.345125,,76 ,97,97,
E07000094,England,Hampshire,Winchester,6.4,6.4,6.4,6.5,6.5,6.5,6.5,6.5,6.5,6.6,6.6,,9.4278,11.6271475,18.345125,,76 ,97,97,
E10000016,England,Kent,Kent,90.4,90.3,90.2,90.2,90.5,90.5,90.4,90.4,90.3,90.2,90,,7.38,11.34909,18.2772,,60 ,94,96,
E07000105,England,Kent,Ashford,7.9,7.9,7.9,7.9,8,8,8,8,8,8,8,,7.38,11.34909,18.2772,,60 ,94,96,
E07000106,England,Kent,Canterbury,7.6,7.6,7.7,7.8,7.8,7.7,7.7,7.7,7.7,7.7,7.6,,7.38,11.34909,18.2772,,60 ,94,96,
E07000107,England,Kent,Dartford,7.6,7.7,7.7,7.7,7.8,7.8,7.8,7.9,7.9,7.9,7.8,,7.38,11.34909,18.2772,,60 ,94,96,
E07000108,England,Kent,Dover,5.9,5.8,5.8,5.8,5.8,5.7,5.7,5.7,5.7,5.6,5.6,,7.38,11.34909,18.2772,,60 ,94,96,
E07000109,England,Kent,Gravesham,7.2,7.1,7.1,7.1,7.1,7.1,7.1,7,7,7,7,,7.38,11.34909,18.2772,,60 ,94,96,
E07000110,England,Kent,Maidstone,10.2,10.3,10.2,10.2,10.3,10.3,10.3,10.3,10.3,10.3,10.3,,7.38,11.34909,18.2772,,60 ,94,96,
E07000111,England,Kent,Sevenoaks,7.1,7.1,7.1,7.1,7.2,7.2,7.2,7.2,7.3,7.3,7.2,,7.38,11.34909,18.2772,,60 ,94,96,
E07000112,England,Kent,Shepway,5.6,5.5,5.5,5.4,5.4,5.4,5.4,5.3,5.3,5.3,5.2,,7.38,11.34909,18.2772,,60 ,94,96,
E07000113,England,Kent,Swale,9.1,9.1,9.1,9.1,9.1,9.1,9.1,9.1,9.1,9.1,9,,7.38,11.34909,18.2772,,60 ,94,96,
E07000114,England,Kent,Thanet,8.2,8.2,8.1,8,8,8,8,8,8,7.9,7.9,,7.38,11.34909,18.2772,,60 ,94,96,
E07000115,England,Kent,Tonbridge and Malling,7.6,7.6,7.6,7.7,7.7,7.8,7.8,7.8,7.8,7.8,7.8,,7.38,11.34909,18.2772,,60 ,94,96,
E07000116,England,Kent,Tunbridge Wells,6.5,6.4,6.4,6.4,6.4,6.3,6.3,6.3,6.3,6.3,6.2,,7.38,11.34909,18.2772,,60 ,94,96,
E10000025,England,Oxfordshire,Oxfordshire,39.2,39,38.7,38.3,38.1,37.8,37.6,37.3,37.1,37,36.8,,9.3654,12.1830375,17.354125,,72 ,95,95,
E07000177,England,Oxfordshire,Cherwell,9.1,9,8.9,8.8,8.7,8.7,8.6,8.6,8.5,8.5,8.5,,9.3654,12.1830375,17.354125,,72 ,95,95,
E07000178,England,Oxfordshire,Oxford,8.7,8.6,8.5,8.4,8.2,8.1,7.9,7.8,7.7,7.6,7.6,,9.3654,12.1830375,17.354125,,72 ,95,95,
E07000179,England,Oxfordshire,South Oxfordshire,8,8,7.9,7.9,7.9,7.8,7.8,7.8,7.8,7.7,7.7,,9.3654,12.1830375,17.354125,,72 ,95,95,
E07000180,England,Oxfordshire,Vale of White Horse,7.5,7.5,7.4,7.4,7.4,7.4,7.4,7.3,7.3,7.3,7.3,,9.3654,12.1830375,17.354125,,72 ,95,95,
E07000181,England,Oxfordshire,West Oxfordshire,6,5.9,5.9,5.9,5.9,5.9,5.8,5.8,5.8,5.8,5.8,,9.3654,12.1830375,17.354125,,72 ,95,95,
E10000030,England,Surrey,Surrey,71,70.9,70.7,70.4,70.4,70.3,70.2,70.1,70,69.9,69.8,,8.8521625,11.33358,17.8635625,,73 ,94,95,
E07000207,England,Surrey,Elmbridge,9.3,9.2,9.2,9.1,9.1,9.1,9,9,9,9,9,,8.8521625,11.33358,17.8635625,,73 ,94,95,
E07000208,England,Surrey,Epsom and Ewell,5,5.1,5.1,5.1,5.1,5.1,5.1,5.1,5.1,5.1,5.1,,8.8521625,11.33358,17.8635625,,73 ,94,95,
E07000209,England,Surrey,Guildford,7.9,7.9,8,8,8.1,8.1,8.1,8.2,8.2,8.2,8.2,,8.8521625,11.33358,17.8635625,,73 ,94,95,
E07000210,England,Surrey,Mole Valley,4.3,4.3,4.3,4.3,4.3,4.3,4.3,4.3,4.3,4.3,4.3,,8.8521625,11.33358,17.8635625,,73 ,94,95,
E07000211,England,Surrey,Reigate and Banstead,9.6,9.5,9.5,9.5,9.5,9.5,9.5,9.4,9.4,9.4,9.4,,8.8521625,11.33358,17.8635625,,73 ,94,95,
E07000212,England,Surrey,Runnymede,5,5,5,5.1,5.1,5.2,5.2,5.2,5.2,5.2,5.2,,8.8521625,11.33358,17.8635625,,73 ,94,95,
E07000213,England,Surrey,Spelthorne,6.3,6.3,6.3,6.2,6.2,6.2,6.1,6.1,6.1,6,6,,8.8521625,11.33358,17.8635625,,73 ,94,95,
E07000214,England,Surrey,Surrey Heath,4.9,4.9,4.9,4.8,4.8,4.8,4.8,4.8,4.8,4.7,4.7,,8.8521625,11.33358,17.8635625,,73 ,94,95,
E07000215,England,Surrey,Tandridge,5,5,5,5,5,5,5,5,5,5,5,,8.8521625,11.33358,17.8635625,,73 ,94,95,
E07000216,England,Surrey,Waverley,6.9,7,6.9,6.9,6.9,6.8,6.8,6.8,6.8,6.8,6.8,,8.8521625,11.33358,17.8635625,,73 ,94,95,
E07000217,England,Surrey,Woking,6.8,6.7,6.5,6.4,6.4,6.3,6.3,6.2,6.2,6.2,6.2,,8.8521625,11.33358,17.8635625,,73 ,94,95,
E10000032,England,West Sussex,West Sussex,46.9,46.8,46.6,46.4,46.5,46.5,46.4,46.4,46.3,46.3,46.2,,9.2259375,11.2997325,18.70575,,75 ,93,98,
E07000223,England,West Sussex,Adur,3.7,3.7,3.6,3.6,3.7,3.7,3.7,3.7,3.7,3.7,3.7,,9.2259375,11.2997325,18.70575,,75 ,93,98,
E07000224,England,West Sussex,Arun,7.8,7.9,7.9,7.8,7.8,7.8,7.8,7.8,7.8,7.8,7.8,,9.2259375,11.2997325,18.70575,,75 ,93,98,
E07000225,England,West Sussex,Chichester,5.7,5.7,5.6,5.7,5.7,5.7,5.7,5.7,5.7,5.7,5.7,,9.2259375,11.2997325,18.70575,,75 ,93,98,
E07000226,England,West Sussex,Crawley,8,7.9,7.8,7.7,7.6,7.6,7.5,7.5,7.4,7.4,7.3,,9.2259375,11.2997325,18.70575,,75 ,93,98,
E07000227,England,West Sussex,Horsham,7.1,7.1,7.1,7.1,7.2,7.2,7.2,7.2,7.2,7.2,7.2,,9.2259375,11.2997325,18.70575,,75 ,93,98,
E07000228,England,West Sussex,Mid Sussex,8.7,8.7,8.8,8.7,8.8,8.8,8.8,8.8,8.8,8.8,8.8,,9.2259375,11.2997325,18.70575,,75 ,93,98,
E07000229,England,West Sussex,Worthing,5.9,5.8,5.8,5.7,5.7,5.7,5.7,5.7,5.7,5.7,5.7,,9.2259375,11.2997325,18.70575,,75 ,93,98,
E12000009,England,South West,South West,300.4,300.2,300.9,300.8,301.7,301.9,302.1,302.3,302.5,302.5,302.3,,10.27125,11.59824,18.567325,,83 ,96,98,
E06000022,England,South West,Bath and North East Somerset,9.6,9.7,9.9,10,10.1,10.1,10.2,10.3,10.4,10.4,10.4,,12.43375,12.1851675,18.8275,,100 ,99,104,
E06000028,England,South West,Bournemouth,11,10.9,10.8,10.7,10.6,10.5,10.4,10.3,10.3,10.2,10.2,,8.7736875,10.491765,18.0068375,,73 ,89,97,
E06000023,England,South West, City of Bristol,30.7,31,31.5,32,32.4,32.8,33.2,33.5,33.8,34.1,34.3,,8.57055,11.225305,17.0525,,68 ,91,95,
E06000052,England,South West,Cornwall,28.4,28.4,28.2,28.2,28.2,28.2,28.2,28.3,28.3,28.3,28.3,,9.916,11.80272,18.525675,,80 ,96,98,
E06000053,England,South West,Isles of Scilly,0.1,0.1,0.1,0.1,0.1,0.1,0.1,0.1,0.1,0.1,0.1,,0,10.76975,24.6,,0 ,100,100,
E06000024,England,South West,North Somerset,11.7,11.7,11.8,11.9,11.9,12,12.1,12.1,12.2,12.3,12.3,,9.16795,11.02368,19.15265,,79 ,96,97,
E06000026,England,South West,Plymouth,15.3,15.1,15,14.9,14.8,14.7,14.6,14.5,14.4,14.4,14.3,,11.025,11.7377625,17.5873125,,84 ,93,97,
E06000029,England,South West,Poole,8.2,8.1,8.1,8,8,7.9,7.9,7.8,7.8,7.8,7.8,,11.67595,12.1955625,18.0384,,92 ,99,96,
E06000025,England,South West,South Gloucestershire,16.3,16.4,16.6,16.9,17.1,17.3,17.5,17.6,17.8,17.9,18,,10.108,12.50025,18.79125,,80 ,100,100,
E06000030,England,South West,Swindon,14.4,14.3,14.1,14,13.9,13.8,13.7,13.6,13.5,13.5,13.4,,12.9575,12.0091875,17.538,,100 ,95,96,
E06000027,England,South West,Torbay,7.1,7,7,6.9,6.9,6.9,6.9,6.9,6.8,6.8,6.8,,8.715875,12.2247675,18.168975,,70 ,99,99,
E06000054,England,South West,Wiltshire,27.5,27.5,27.6,27.3,27.2,27.1,26.9,26.8,26.7,26.6,26.5,,10.7358,11.572575,17.74485,,87 ,94,94,
E10000008,England,Devon,Devon,37.7,37.7,37.9,38.1,38.3,38.3,38.4,38.5,38.5,38.5,38.5,,10.885875,11.79275,18.71595,,91 ,100,99,
E07000040,England,Devon,East Devon,6.6,6.6,6.7,6.7,6.7,6.8,6.8,6.8,6.8,6.9,6.9,,10.885875,11.79275,18.71595,,91 ,100,99,
E07000041,England,Devon,Exeter,6.6,6.7,6.8,6.9,6.9,6.9,7,7,7,7,7,,10.885875,11.79275,18.71595,,91 ,100,99,
E07000042,England,Devon,Mid Devon,4.1,4.1,4.1,4.2,4.2,4.2,4.2,4.2,4.2,4.2,4.2,,10.885875,11.79275,18.71595,,91 ,100,99,
E07000043,England,Devon,North Devon,4.7,4.7,4.7,4.7,4.7,4.6,4.6,4.6,4.6,4.6,4.6,,10.885875,11.79275,18.71595,,91 ,100,99,
E07000044,England,Devon,South Hams,3.6,3.6,3.6,3.6,3.6,3.6,3.6,3.6,3.6,3.6,3.6,,10.885875,11.79275,18.71595,,91 ,100,99,
E07000045,England,Devon,Teignbridge,6.3,6.4,6.4,6.5,6.5,6.6,6.6,6.6,6.6,6.7,6.7,,10.885875,11.79275,18.71595,,91 ,100,99,
E07000046,England,Devon,Torridge,3.2,3.2,3.3,3.2,3.3,3.3,3.3,3.3,3.2,3.2,3.2,,10.885875,11.79275,18.71595,,91 ,100,99,
E07000047,England,Devon,West Devon,2.4,2.4,2.4,2.4,2.4,2.4,2.4,2.4,2.4,2.4,2.4,,10.885875,11.79275,18.71595,,91 ,100,99,
E10000009,England,Dorset,Dorset,18.7,18.7,18.6,18.6,18.6,18.5,18.4,18.3,18.2,18.2,18.1,,10.2291,11.28006,20.21875,,84 ,99,100,
E07000048,England,Dorset,Christchurch,2.1,2.1,2.1,2.1,2.1,2.1,2.1,2.1,2.1,2.1,2.1,,10.2291,11.28006,20.21875,,84 ,99,100,
E07000049,England,Dorset,East Dorset,3.8,3.8,3.8,3.8,3.8,3.8,3.8,3.8,3.8,3.8,3.8,,10.2291,11.28006,20.21875,,84 ,99,100,
E07000050,England,Dorset,North Dorset,3.3,3.3,3.3,3.3,3.3,3.2,3.2,3.2,3.2,3.2,3.2,,10.2291,11.28006,20.21875,,84 ,99,100,
E07000051,England,Dorset,Purbeck,2.1,2.1,2.1,2.1,2.1,2.1,2,2,2,2,2,,10.2291,11.28006,20.21875,,84 ,99,100,
E07000052,England,Dorset,West Dorset,4.2,4.2,4.2,4.2,4.2,4.2,4.1,4.1,4.1,4.1,4.1,,10.2291,11.28006,20.21875,,84 ,99,100,
E07000053,England,Dorset,Weymouth and Portland,3.2,3.2,3.2,3.1,3.1,3.1,3,3,3,2.9,2.9,,10.2291,11.28006,20.21875,,84 ,99,100,
E10000013,England,Gloucestershire,Gloucestershire,34.7,34.7,34.8,34.7,34.9,34.9,35,35,35,35,34.9,,8.983275,11.4700625,18.6996,,71 ,95,96,
E07000078,England,Gloucestershire,Cheltenham,6.6,6.5,6.4,6.4,6.4,6.3,6.3,6.3,6.3,6.2,6.2,,8.983275,11.4700625,18.6996,,71 ,95,96,
E07000079,England,Gloucestershire,Cotswold,3.9,3.9,4,4,4,4,4,4,4,4,4,,8.983275,11.4700625,18.6996,,71 ,95,96,
E07000080,England,Gloucestershire,Forest of Dean,4.2,4.2,4.2,4.2,4.3,4.3,4.3,4.3,4.3,4.3,4.3,,8.983275,11.4700625,18.6996,,71 ,95,96,
E07000081,England,Gloucestershire,Gloucester,8.8,8.8,8.8,8.7,8.8,8.7,8.8,8.7,8.7,8.7,8.7,,8.983275,11.4700625,18.6996,,71 ,95,96,
E07000082,England,Gloucestershire,Stroud,6,6.1,6.1,6.1,6.2,6.2,6.3,6.3,6.3,6.3,6.3,,8.983275,11.4700625,18.6996,,71 ,95,96,
E07000083,England,Gloucestershire,Tewkesbury,5.3,5.3,5.3,5.3,5.3,5.4,5.4,5.4,5.4,5.4,5.4,,8.983275,11.4700625,18.6996,,71 ,95,96,
E10000027,England,Somerset,Somerset,29,28.9,28.8,28.7,28.8,28.7,28.7,28.6,28.6,28.5,28.5,,11.7775,10.989305,18.527,,100 ,94,97,
E07000187,England,Somerset,Mendip,5.8,5.9,5.9,5.9,5.9,5.9,5.9,5.9,5.9,5.9,5.9,,11.7775,10.989305,18.527,,100 ,94,97,
E07000188,England,Somerset,Sedgemoor,6.8,6.8,6.8,6.8,6.8,6.8,6.8,6.8,6.8,6.8,6.8,,11.7775,10.989305,18.527,,100 ,94,97,
E07000189,England,Somerset,South Somerset,8.6,8.6,8.5,8.5,8.5,8.4,8.4,8.4,8.4,8.3,8.3,,11.7775,10.989305,18.527,,100 ,94,97,
E07000190,England,Somerset,Taunton Deane,6.4,6.4,6.4,6.3,6.3,6.3,6.3,6.3,6.3,6.3,6.3,,11.7775,10.989305,18.527,,100 ,94,97,
E07000191,England,Somerset,West Somerset,1.3,1.3,1.3,1.3,1.3,1.3,1.3,1.2,1.2,1.2,1.2,,11.7775,10.989305,18.527,,100 ,94,97,