E06000015: Derby
Year  2-4yrs  2yr    3yr  4 yr  Staff
2018,  10818,  2958,  3930,  3930,  1173,  
2019,  10752,  2940,  3906,  3906,  1166,  
2020,  10689,  2923,  3883,  3883,  1159,  
2021,  10689,  2923,  3883,  3883,  1159,  
2022,  10689,  2923,  3883,  3883,  1159,  
2023,  10689,  2923,  3883,  3883,  1159,  
2024,  10626,  2906,  3860,  3860,  1152,  
2025,  10626,  2906,  3860,  3860,  1152,  
2026,  10562,  2888,  3837,  3837,  1146,  
2027,  10562,  2888,  3837,  3837,  1146,  
2028,  10562,  2888,  3837,  3837,  1146,  
